18.5472 0.02015
1.93453 0.02015

19.7596 0.0203
7.68115 0.0203

20.6155 0.02075
8.07527 0.02075

21.0561 0.0212
8.54634 0.02135

21.5044 0.0218
8.89719 0.0221

21.96 0.0227
9.47048 0.0236

22.4223 0.02405
10.0916 0.026

22.891 0.02645
10.7522 0.03005

23.3658 0.02945
11.2112 0.0338

23.8462 0.0347
11.6829 0.03875

24.3319 0.04295
12.4113 0.0494

34.8735 0.04505
18.1648 0.0623

35.5888 0.0746
18.5472 0.0761

36.3296 0.13835
18.941 0.0917

37.0945 0.2486
19.3453 0.11045

37.0945 0.2486
19.3453 0.11045

